27204 1
50786 0
54164 1
81183 1
101987 0
108156 1
135315 1
153096 0
162459 1
189508 1
204495 0
216758 1
243539 1
255528 0
270808 1
297769 1
307069 0
324826 1
351656 1
358429 0
378449 1
404974 1
409348 0
432142 1
459311 1
460401 0
486443 1
511030 0
513282 1
540210 1
561962 0
567210 1
594510 1
613120 0
621468 1
648242 1
664152 0
675351 1
702536 1
715486 0
729278 1
756184 1
766705 0
783048 1
809937 1
817660 0
836750 1
863881 1
868273 0
890866 1
917889 1
919096 0
944913 1
970287 0
971934 1
999143 1
1021290 0
1026425 1
1053407 1
1072125 0
1080384 1
1107355 1
1123190 0
1134289 1
1161274 1
1174412 0
1188143 1
1214868 1
1225662 0
1242051 1
1268952 1
1276540 0
1295790 1
1322625 1
1327847 0
1349681 1
1376708 1
1379016 0
1403559 1
1430252 0
1430326 1
1457523 1
1481481 0
1484397 1
1511632 1
1532199 0
1538606 1
1565754 1
1583555 0
1593105 1
1620049 1
1634511 0
1647000 1
1674106 1
1685454 0
1701044 1
1728024 1
1736299 0
1754909 1
1781889 1
1787311 0
1809022 1
1836116 1
1838325 0
1863187 1
1888977 0
1890141 1
1916920 1
1940360 0
1943756 1
1970690 1
1991654 0
1997504 1
2024745 1
2042809 0
2051845 1
2078950 1
2093614 0
2105900 1
2133034 1
2144615 0
2160183 1
2186977 1
2195506 0
2213863 1
2240687 1
2246901 0
2267900 1
2295047 1
2297850 0
2321829 1
2348524 1
2348586 0
2375462 1
2399249 0
2402331 1
2429307 1
2449927 0
2456460 1
2483548 1
2501041 0
2510424 1
2537349 1
2551965 0
2564667 1
2591429 1
2603280 0
2618574 1
2645355 1
2654248 0
2672363 1
2699210 1
2705022 0
2726259 1
2753433 1
2755943 0
2780326 1
2807158 0
2807310 1
2834210 1
2858325 0
2861099 1
2888178 1
2909227 0
2915215 1
2942284 1
2960153 0
2969203 1
2996049 1
3011313 0
3023545 1
3050601 1
3062287 0
3077760 1
3104552 1
3113679 0
3131692 1
3158819 1
3164757 0
3185509 1
3212380 1
3215761 0
3239214 1
3266176 1
3266723 0
3292825 1
3317619 0
3319873 1
3346699 1
3368828 0
3373537 1
3400490 1
3420094 0
3427320 1
3454391 1
3470853 0
3481430 1
3508451 1
3522051 0
3535674 1
3562502 1
3573252 0
3589321 1
3616548 1
3624098 0
3643310 1
3670345 1
3675053 0
3697328 1
3724154 1
3726141 0
3750925 1
3777401 0
3777822 1
3804851 1
3828003 0
3831851 1
3858682 1
3879162 0
3885748 1
3912426 1
3930318 0
3939362 1
3966374 1
3981759 0
3993064 1
4019914 1
4032736 0
4047090 1
4074187 1
4083589 0
4101470 1
4128308 1
4134545 0
4155347 1
4182127 1
4185598 0
4209411 1
4236550 1
4236819 0
4263528 1
4287676 0
4290583 1
4317507 1
4338401 0
4344539 1
4371531 1
4389363 0
4398386 1
4425558 1
4440192 0
4452412 1
4479386 1
4491147 0
4506493 1
4533635 1
4542294 0
4560290 1
4587294 1
4593445 0
4614017 1
4640769 1
4644131 0
4667751 1
4694580 1
4695458 0
4721279 1
4746389 0
4748461 1
4775536 1
4797469 0
4802538 1
4829575 1
4848538 0
4856215 1
4883084 1
4899175 0
4909924 1
4937175 1
4949922 0
4964034 1
4991000 1
5000989 0
5017843 1
5044973 1
5052065 0
5072015 1
5098953 1
5102979 0
5126265 1
5153272 1
5154155 0
5180106 1
5205245 0
5207033 1
5233881 1
5256495 0
5260754 1
5287395 1
5307249 0
5314506 1
5341516 1
5357886 0
5368505 1
5395660 1
5408872 0
5422419 1
5449270 1
5459544 0
5476352 1
5503288 1
5510391 0
5530010 1
5556906 1
5561714 0
5583670 1
5610695 1
5612604 0
5637553 1
5663651 0
5664381 1
5691288 1
5714581 0
5718360 1
5744944 1
5765374 0
5772015 1
5799276 1
5816373 0
5826381 1
5853668 1
5867529 0
5880777 1
5907805 1
5918557 0
5934729 1
5961705 1
5969515 0
5988632 1
6015799 1
6020734 0
6042261 1
6069448 1
6071799 0
6096560 1
6123285 0
6123624 1
6150566 1
6174068 0
6177577 1
6204829 1
6225517 0
6231860 1
6259043 1
6276288 0
6286063 1
6313001 1
6327157 0
6340067 1
6367263 1
6378528 0
6394398 1
6421379 1
6429570 0
6448758 1
6475727 1
6480648 0
6502567 1
6529328 1
6531531 0
6556147 1
6582426 0
6583197 1
6610138 1
6633113 0
6637256 1
6664183 1
6684131 0
6691118 1
6718082 1
6735061 0
6744846 1
6771775 1
6786043 0
6798809 1
6825903 1
6837150 0
6852960 1
6879694 1
6888403 0
6906869 1
6933672 1
6939346 0
6960638 1
6987787 1
6990241 0
7014607 1
7041404 0
7041722 1
7068586 1
7092311 0
7095575 1
7122557 1
7143367 0
7149557 1
7176500 1
7194660 0
7203958 1
7231137 1
7245572 0
7258196 1
7285064 1
7296780 0
7312214 1
7339332 1
7347643 0
7366317 1
7393621 1
7398835 0
7420349 1
7447314 1
7449905 0
7474525 1
7501174 0
7501429 1
7528550 1
7552274 0
7555701 1
7582512 1
7603541 0
7609790 1
7636950 1
7654300 0
7663959 1
7691150 1
7705346 0
7718160 1
7745162 1
7756352 0
7772394 1
7799464 1
7806986 0
7826669 1
7853792 1
7858166 0
7880473 1
7907399 1
7909597 0
7934644 1
7960710 0
7961577 1
7989032 1
8012047 0
8015637 1
8042772 1
8062977 0
8069550 1
8096646 1
8113852 0
8123801 1
8150854 1
8164298 0
8177752 1
8204947 1
8215206 0
8232094 1
8259224 1
8265782 0
8286227 1
8313465 1
8317158 0
8340364 1
8367110 1
8368364 0
8394007 1
8419587 0
8420994 1
8448011 1
8470856 0
8475226 1
8502091 1
8521863 0
8528844 1
8555886 1
8573100 0
8582949 1
8610037 1
8624064 0
8637133 1
8663826 1
8675222 0
8690730 1
8717731 1
8726351 0
8744933 1
8772205 1
8777434 0
8799081 1
8826253 1
8828401 0
8853447 1
8879443 0
8880470 1
8907737 1
8930487 0
8934524 1
8961589 1
8981774 0
8988692 1
9015592 1
9033024 0
9042470 1
9069517 1
9083647 0
9096632 1
9123653 1
9134815 0
9150746 1
9177867 1
9186062 0
9204811 1
9232105 1
9237427 0
9259040 1
9285580 1
9288344 0
9312744 1
9339332 0
9339650 1
9366827 1
9390215 0
9393656 1
9420726 1
9440957 0
9447705 1
9474827 1
9491580 0
9501884 1
9528947 1
9542833 0
9555608 1
9582461 1
9593613 0
9609206 1
9636547 1
9644479 0
9663246 1
9690154 1
9695958 0
9717463 1
9744368 1
9746915 0
9771096 1
9798159 1
9798314 0
9825123 1
9849341 0
9852045 1
9879002 1
9900344 0
9906141 1
9933272 1
9951236 0
9960444 1
9987184 1
10002236 0
10014395 1
10041422 1
10053240 0
10068572 1
10095715 1
10104422 0
10122505 1
10149222 1
10155386 0
10176039 1
10203038 1
10206113 0
10230032 1
10257081 1
10283763 1
10310960 1
10337971 1
10365048 1
10391881 1
10418828 1
10445336 1
10472680 1
10499678 1
10526419 1
10553497 1
10580636 1
10607577 1
10634615 1
10661782 1
10688950 1
10716030 1
10742936 1
10769995 1
10796906 1
